vol down
========
Decoded NEC: 20DFC03F (32 bits)
Raw (68): 9100 -4450 600 -550 600 -550 600 -1650 600 -550 600 -550 600 -550 600 -550 600 -550 600 -1700 600 -1650 600 -550 600 -1700 600 -1650 600 -1650 600 -1650 600 -1700 600 -1650 600 -1650 600 -550 600 -550 600 -550 600 -550 600 -550 600 -550 600 -550 600 -550 600 -1650 600 -1650 600 -1700 600 -1650 600 -1650 600 -1700 600

vol up
======
Decoded NEC: 20DF40BF (32 bits)
Raw (68): 9100 -4500 600 -550 600 -550 600 -1650 600 -550 600 -550 600 -550 600 -550 600 -550 600 -1650 600 -1650 600 -550 600 -1650 600 -1650 600 -1700 600 -1650 600 -1650 600 -550 600 -1700 600 -550 600 -550 600 -550 600 -550 600 -550 600 -550 600 -1650 600 -550 600 -1700 600 -1650 600 -1650 600 -1650 600 -1650 600 -1650 600

chan down
=========
Decoded NEC: 20DF807F (32 bits)
Raw (68): 9100 -4450 600 -550 600 -550 600 -1650 600 -550 600 -550 600 -550 600 -550 600 -550 600 -1650 600 -1650 600 -550 600 -1650 600 -1650 600 -1650 600 -1650 600 -1650 600 -1650 600 -550 600 -550 600 -550 600 -550 600 -550 600 -550 600 -550 600 -550 600 -1650 600 -1650 600 -1650 600 -1650 600 -1650 650 -1650 600 -1650 600 

chan up
=======
Decoded NEC: 20DF00FF (32 bits)
Raw (68): 9100 -4450 600 -550 600 -550 600 -1650 600 -550 600 -550 600 -550 600 -550 600 -550 600 -1650 600 -1700 600 -550 600 -1700 600 -1650 600 -1700 600 -1650 600 -1650 600 -550 600 -550 600 -550 600 -550 600 -550 600 -550 600 -550 600 -550 600 -1700 600 -1650 600 -1650 600 -1650 600 -1650 600 -1700 600 -1650 600 -1650 600 

left
====
Decoded NEC: 20DFE01F (32 bits)
Raw (68): 9100 -4450 600 -550 600 -550 600 -1650 600 -550 600 -550 600 -550 600 -550 600 -550 600 -1650 600 -1650 600 -550 600 -1650 600 -1650 600 -1650 600 -1650 600 -1650 600 -1650 600 -1650 600 -1650 600 -550 600 -550 600 -550 600 -550 600 -550 600 -550 600 -550 600 -550 600 -1650 600 -1650 600 -1650 600 -1650 600 -1650 600 

up
==
Decoded NEC: 20DF02FD (32 bits)
Raw (68): 9100 -4500 600 -550 600 -550 600 -1650 600 -550 600 -550 600 -550 600 -550 600 -550 600 -1650 600 -1650 600 -550 600 -1650 600 -1650 600 -1700 600 -1700 600 -1650 600 -550 600 -550 600 -550 600 -550 600 -550 600 -550 600 -1650 600 -550 600 -1650 600 -1650 600 -1650 600 -1650 600 -1700 600 -1650 600 -550 600 -1650 600 

right
=====
Decoded NEC: 20DF609F (32 bits)
Raw (68): 9100 -4450 600 -550 600 -550 600 -1650 600 -550 600 -550 600 -550 600 -550 600 -550 600 -1650 600 -1700 600 -550 600 -1700 600 -1650 600 -1650 600 -1650 600 -1700 600 -550 600 -1700 600 -1650 600 -550 600 -550 600 -550 600 -550 600 -550 600 -1700 600 -550 600 -550 600 -1700 600 -1700 600 -1650 600 -1700 600 -1700 600

down
====
Decoded NEC: 20DF827D (32 bits)
Raw (68): 9100 -4450 600 -550 600 -550 600 -1700 600 -550 600 -550 600 -550 600 -550 600 -550 600 -1650 600 -1700 600 -550 600 -1650 600 -1650 600 -1650 600 -1700 600 -1650 600 -1650 600 -550 600 -550 600 -550 600 -550 600 -550 600 -1650 600 -550 600 -550 600 -1700 600 -1650 600 -1650 600 -1650 600 -1700 600 -550 600 -1650 600 

ok
==
Decoded NEC: 20DF22DD (32 bits)
Raw (68): 9100 -4450 600 -550 600 -550 600 -1650 600 -550 600 -550 600 -550 600 -550 600 -550 600 -1650 600 -1650 600 -550 600 -1700 600 -1700 600 -1650 600 -1650 600 -1700 600 -550 600 -550 600 -1700 600 -550 600 -550 600 -550 600 -1650 600 -550 600 -1650 600 -1650 600 -550 600 -1650 600 -1650 600 -1650 600 -550 600 -1650 600

mute
====
Decoded NEC: 20DF906F (32 bits)
Raw (68): 9100 -4450 600 -550 600 -550 600 -1650 600 -550 600 -550 600 -550 600 -550 600 -550 600 -1650 600 -1650 600 -550 600 -1650 600 -1700 600 -1650 600 -1700 600 -1650 600 -1650 650 -550 600 -550 600 -1650 600 -550 600 -550 600 -550 600 -550 600 -550 600 -1650 600 -1650 600 -550 600 -1700 600 -1650 600 -1650 600 -1650 600 


back
====
Decoded NEC: 20DF14EB (32 bits)
Raw (68): 9100 -4450 600 -550 600 -550 600 -1650 600 -550 600 -550 600 -550 600 -550 600 -550 600 -1650 600 -1650 600 -550 600 -1650 600 -1650 600 -1700 600 -1650 600 -1650 600 -550 600 -550 600 -550 600 -1650 600 -550 600 -1650 600 -550 600 -550 600 -1650 600 -1650 600 -1650 600 -550 600 -1650 600 -550 600 -1650 600 -1650 600 


power
=====
Decoded NEC: 20DF10EF (32 bits)
Raw (68): 9100 -4450 600 -550 600 -550 600 -1650 600 -550 600 -550 600 -550 600 -550 600 -550 600 -1650 600 -1650 600 -550 600 -1650 600 -1650 600 -1650 600 -1650 600 -1650 600 -550 600 -550 600 -550 600 -1650 600 -550 600 -550 600 -550 600 -550 600 -1650 600 -1650 600 -1650 600 -550 600 -1650 600 -1700 600 -1650 600 -1650 600 

